2002.578 0.0386 0.0213 0.0066 0.0065 0
2003.447 0.0385 0.0701 0.0009 0.0010 0
2003.455 0.0393 0.0733 0.0012 0.0012 0
2004.511 0.0330 0.1191 0.0010 0.0008 0
2004.511 -0.0667 0.0576 0.0017 0.0016 1
2004.511 0.0549 -0.1552 0.0066 0.0065 2
2004.516 0.0333 0.1206 0.0009 0.0006 0
2004.516 -0.0673 0.0690 0.0066 0.0065 1
2004.516 0.0711 -0.1536 0.0066 0.0065 2
2004.574 0.0315 0.1206 0.0009 0.0009 0
2005.268 0.0265 0.1389 0.0007 0.0011 0
2005.268 -0.1178 0.0583 0.0065 0.0066 1
2005.268 0.0707 -0.1437 0.0065 0.0066 2
2006.490 0.0141 0.1596 0.0065 0.0065 0
2006.490 -0.1544 0.0558 0.0065 0.0065 1
2006.490 0.0731 -0.1199 0.0065 0.0065 2
2006.584 0.0137 0.1609 0.0033 0.0007 0
2006.584 -0.1600 0.0613 0.0073 0.0078 1
2006.584 0.0749 -0.1220 0.0065 0.0065 2
2006.726 0.0129 0.1627 0.0033 0.0007 0
2006.726 -0.1684 0.0550 0.0009 0.0008 1
2006.726 0.0790 -0.1180 0.0066 0.0065 2
2006.800 0.0107 0.1633 0.0033 0.0007 0
2006.800 -0.1690 0.0549 0.0011 0.0009 1
2006.800 0.0731 -0.1169 0.0066 0.0065 2
2007.205 0.0064 0.1681 0.0004 0.0007 0
2007.205 -0.1851 0.0513 0.0005 0.0008 1
2007.205 0.0835 -0.0883 0.0065 0.0065 2
2007.214 0.0058 0.1682 0.0004 0.0008 0
2007.214 -0.1853 0.0506 0.0005 0.0008 1
2007.255 0.0069 0.1691 0.0010 0.0007 0
2007.255 -0.1807 0.0524 0.0010 0.0007 1
2007.255 0.0797 -0.0763 0.0066 0.0065 2
2007.455 0.0047 0.1709 0.0004 0.0006 0
2007.455 -0.1898 0.0474 0.0005 0.0065 1
2007.455 0.0784 -0.0635 0.0065 0.0065 2
2008.145 -0.0076 0.1775 0.0007 0.0012 0
2008.145 -0.2058 0.0363 0.0009 0.0013 1
2008.145 0.0659 -0.0346 0.0065 0.0066 2
2008.197 -0.0082 0.1780 0.0007 0.0011 0
2008.197 -0.2065 0.0359 0.0008 0.0011 1
2008.197 0.0641 -0.0338 0.0065 0.0066 2
2008.268 -0.0084 0.1777 0.0006 0.0008 0
2008.268 -0.2049 0.0338 0.0007 0.0009 1
2008.268 0.0711 -0.0309 0.0065 0.0066 2
2008.456 -0.0118 0.1798 0.0006 0.0009 0
2008.456 -0.2111 0.0325 0.0008 0.0010 1
2008.456 0.0692 -0.0167 0.0065 0.0066 2
2008.598 -0.0126 0.1802 0.0009 0.0010 0
2008.598 -0.2141 0.0346 0.0010 0.0010 1
2008.598 0.0678 -0.0144 0.0066 0.0066 2
2008.708 -0.0127 0.1806 0.0008 0.0013 0
2008.708 -0.2175 0.0338 0.0010 0.0013 1
2008.708 0.0620 -0.0058 0.0066 0.0066 2
2009.299 -0.0216 0.1805 0.0006 0.0009 0
2009.299 -0.2315 0.0244 0.0007 0.0009 1
2009.334 -0.0218 0.1813 0.0006 0.0009 0
2009.334 -0.2310 0.0241 0.0007 0.0009 1
2009.334 -0.0017 0.0358 0.0065 0.0066 2
2009.501 -0.0233 0.1803 0.0005 0.0008 0
2009.501 -0.2344 0.0216 0.0006 0.0008 1
2009.501 -0.0257 0.0291 0.0065 0.0066 2
2009.605 -0.0266 0.1800 0.0012 0.0015 0
2009.605 -0.2360 0.0156 0.0012 0.0015 1
2009.605 -0.0305 0.0243 0.0066 0.0067 2
2009.611 -0.0249 0.1806 0.0006 0.0008 0
2009.611 -0.2350 0.0202 0.0007 0.0008 1
2009.715 -0.0260 0.1804 0.0006 0.0008 0
2009.715 -0.2363 0.0178 0.0006 0.0009 1
2009.715 -0.0390 0.0378 0.0065 0.0066 2
2010.444 -0.0347 0.1780 0.0013 0.0021 0
2010.444 -0.2415 0.0053 0.0013 0.0021 1
2010.444 -0.0620 -0.0453 0.0066 0.0068 2
2010.455 -0.0340 0.1774 0.0008 0.0013 0
2010.455 -0.2437 0.0009 0.0009 0.0014 1
2010.455 -0.0523 -0.0404 0.0018 0.0020 2
2011.400 -0.0430 0.1703 0.0009 0.0017 0
2011.400 -0.2425 -0.0113 0.0010 0.0017 1
2011.400 -0.0492 -0.1080 0.0066 0.0067 2
2012.374 -0.0518 0.1617 0.0012 0.0016 0
2012.374 -0.2519 -0.0251 0.0013 0.0017 1
2012.374 -0.0345 -0.1180 0.0013 0.0029 2
2013.488 -0.0603 0.1442 0.0006 0.0019 0
2013.488 -0.2450 -0.0409 0.0007 0.0019 1
2013.488 -0.0134 -0.1380 0.0007 0.0019 2
2015.581 -0.0690 0.1010 0.0014 0.0010 0
2015.581 -0.2320 -0.0617 0.0016 0.0013 1
2015.581 0.0239 -0.1678 0.0016 0.0066 2