2004.511 -0.0667 0.0576 0.0017 0.0016
2004.516 -0.0673 0.0690 0.0066 0.0065
2005.268 -0.1178 0.0583 0.0065 0.0066
2006.490 -0.1544 0.0558 0.0065 0.0065
2006.584 -0.1600 0.0613 0.0073 0.0078
2006.726 -0.1684 0.0550 0.0009 0.0008
2006.800 -0.1690 0.0549 0.0011 0.0009
2007.205 -0.1851 0.0513 0.0005 0.0008
2007.214 -0.1853 0.0506 0.0005 0.0008
2007.255 -0.1807 0.0524 0.0010 0.0007
2007.455 -0.1898 0.0474 0.0005 0.0065
2008.145 -0.2058 0.0363 0.0009 0.0013
2008.197 -0.2065 0.0359 0.0008 0.0011
2008.268 -0.2049 0.0338 0.0007 0.0009
2008.456 -0.2111 0.0325 0.0008 0.0010
2008.598 -0.2141 0.0346 0.0010 0.0010
2008.708 -0.2175 0.0338 0.0010 0.0013
2009.299 -0.2315 0.0244 0.0007 0.0009
2009.334 -0.2310 0.0241 0.0007 0.0009
2009.501 -0.2344 0.0216 0.0006 0.0008
2009.605 -0.2360 0.0156 0.0012 0.0015
2009.611 -0.2350 0.0202 0.0007 0.0008
2009.715 -0.2363 0.0178 0.0006 0.0009
2010.444 -0.2415 0.0053 0.0013 0.0021
2010.455 -0.2437 0.0009 0.0009 0.0014
2011.400 -0.2425 -0.0113 0.0010 0.0017
2012.374 -0.2519 -0.0251 0.0013 0.0017
2013.488 -0.2450 -0.0409 0.0007 0.0019
2015.581 -0.2320 -0.0617 0.0016 0.0013
