2004.511 0.0549 -0.1552 0.0066 0.0065
2004.516 0.0711 -0.1536 0.0066 0.0065
2005.268 0.0707 -0.1437 0.0065 0.0066
2006.490 0.0731 -0.1199 0.0065 0.0065
2006.584 0.0749 -0.1220 0.0065 0.0065
2006.726 0.0790 -0.1180 0.0066 0.0065
2006.800 0.0731 -0.1169 0.0066 0.0065
2007.205 0.0835 -0.0883 0.0065 0.0065
2007.255 0.0797 -0.0763 0.0066 0.0065
2007.455 0.0784 -0.0635 0.0065 0.0065
2008.145 0.0659 -0.0346 0.0065 0.0066
2008.197 0.0641 -0.0338 0.0065 0.0066
2008.268 0.0711 -0.0309 0.0065 0.0066
2008.456 0.0692 -0.0167 0.0065 0.0066
2008.598 0.0678 -0.0144 0.0066 0.0066
2008.708 0.0620 -0.0058 0.0066 0.0066
2009.334 -0.0017 0.0358 0.0065 0.0066
2009.501 -0.0257 0.0291 0.0065 0.0066
2009.605 -0.0305 0.0243 0.0066 0.0067
2009.715 -0.0390 0.0378 0.0065 0.0066
2010.444 -0.0620 -0.0453 0.0066 0.0068
2010.455 -0.0523 -0.0404 0.0018 0.0020
2011.400 -0.0492 -0.1080 0.0066 0.0067
2012.374 -0.0345 -0.1180 0.0013 0.0029
2013.488 -0.0134 -0.1380 0.0007 0.0019
2015.581 0.0239 -0.1678 0.0016 0.0066